NaN
NaN
NaN
6.028118029301054
4.282499792849596
7.260463030135718
7.2996954651121255
7.318586208240872
7.350880672620668
7.342581586409296
7.330437929679155
7.291493707723209
7.2990852045225445
7.3778479765492255
7.350357183573676
7.327836425922538
7.335696882837677
7.403505596479019
7.3820751106602405
7.367219203617561
7.343729406014791
7.307169481546486
7.385127833207675
7.3581756893050745
7.320757800658345
7.400489728561366
7.431870203946533
7.3976262486139515
7.497059948984472
7.3986976384654906
7.421336673552032
7.416752361748018
7.416532737919878
7.413972482760369
7.458462410896928
7.4949922652914145
7.39790023547304
7.4462887946568825
7.462098064432221
7.468639032539018
7.39910189000933
7.467193273431531
7.532026184078313
7.5673054210038275
